-----------------------------------------------------------------
|0	0	0	|0	4	1	|6	0	0	
|5	0	4	|0	6	0	|0	7	0	
|0	6	0	|0	2	0	|4	0	0	
-----------------------------------------------------------------
|0	0	6	|8	0	0	|2	1	7	
|0	0	5	|0	1	9	|0	0	6	
|1	0	8	|7	0	0	|0	0	4	
-----------------------------------------------------------------
|3	0	1	|0	9	0	|0	0	8	
|0	9	7	|0	0	0	|1	2	5	
|0	8	0	|0	0	0	|0	6	3	

SOL:

-----------------------------------------------------------------
|2	7	3	|5	4	1	|6	8	9	
|5	1	4	|9	6	8	|3	7	2	
|8	6	9	|3	2	7	|4	5	1	
-----------------------------------------------------------------
|9	3	6	|8	5	4	|2	1	7	
|7	4	5	|2	1	9	|8	3	6	
|1	2	8	|7	3	6	|5	9	4	
-----------------------------------------------------------------
|3	5	1	|6	9	2	|7	4	8	
|6	9	7	|4	8	3	|1	2	5	
|4	8	2	|1	7	5	|9	6	3	



<html>
    <head>
      <link rel="stylesheet" href="../static/styles.css">
    </head>
    <body>   
        <div class="u4">Congratulations : the flag is dvCTF{1l0v3toS0lV3sVd0kU}</div>  
    </body>    
</html>
200
